152489376739256841468371295387124659591763428246895713914637582625948137873512964
152489376739256841468371295914637582625948137873512964387124659591763428246895713
387124659591763428246895713152489376739256841468371295914637582625948137873512964
387124659591763428246895713914637582625948137873512964152489376739256841468371295
914637582625948137873512964152489376739256841468371295387124659591763428246895713
914637582625948137873512964387124659591763428246895713152489376739256841468371295
435269781682571493197834562826195347374682915951743628519326874248957136763418259
435269781682571493197834562519326874248957136763418259826195347374682915951743628
826195347374682915951743628435269781682571493197834562519326874248957136763418259
826195347374682915951743628519326874248957136763418259435269781682571493197834562 
519326874248957136763418259435269781682571493197834562826195347374682915951743628
519326874248957136763418259826195347374682915951743628435269781682571493197834562
123678945584239761967145328372461589691583274458792613836924157219857436745316892
123678945584239761967145328836924157219857436745316892372461589691583274458792613
372461589691583274458792613123678945584239761967145328836924157219857436745316892
372461589691583274458792613836924157219857436745316892123678945584239761967145328
836924157219857436745316892123678945584239761967145328372461589691583274458792613
836924157219857436745316892372461589691583274458792613123678945584239761967145328
823541769167932485549876321316297854472385196985164273298613547634758912751429638
316297854472385196985164273823541769167932485549876321298613547634758912751429638
823541769167932485549876321298613547634758912751429638316297854472385196985164273
298613547634758912751429638823541769167932485549876321316297854472385196985164273
316297854472385196985164273298613547634758912751429638823541769167932485549876321
298613547634758912751429638316297854472385196985164273823541769167932485549876321
265438791394175286187962534826347159519286473743591628952814367631759842478623915
826347159519286473743591628265438791394175286187962534952814367631759842478623915
265438791394175286187962534952814367631759842478623915826347159519286473743591628
952814367631759842478623915265438791394175286187962534826347159519286473743591628
826347159519286473743591628952814367631759842478623915265438791394175286187962534
952814367631759842478623915826347159519286473743591628265438791394175286187962534
592173864148652937673984251317598642824367195956421783469215378731849526285736419
317598642824367195956421783592173864148652937673984251469215378731849526285736419
592173864148652937673984251469215378731849526285736419317598642824367195956421783
469215378731849526285736419592173864148652937673984251317598642824367195956421783
317598642824367195956421783469215378731849526285736419592173864148652937673984251
469215378731849526285736419317598642824367195956421783592173864148652937673984251